date,total_cases,new_cases
2021-12-02,34615757,18981
2021-12-03,34624360,8603
2021-12-04,34633255,8895
2021-12-05,34633255,0
2021-12-06,34641561,8306
2021-12-07,34648383,6822
2021-12-08,34656822,8439
2021-12-09,34674744,17922
2021-12-10,34682736,7992
2021-12-11,34690510,7774
2021-12-12,34690510,0
2021-12-13,34703644,13134
2021-12-14,34710628,6984
2021-12-15,34710628,0
